0,504324;2020-04-27 13:34:46;0;0;0;0;0;0;0;0;0;0;0;58;0;0;0;0
1,00727;2020-04-27 13:34:46;0;0;0;0;0;0;0;0;0;0;0;-26;40;0;0;0
1,510047;2020-04-27 13:34:46;0;23;84;82129;28533;2121;6179;4693;1714;2806;734;67;40;0;7;0
2,01292;2020-04-27 13:34:46;0;23;84;82129;28533;2121;6179;4693;1714;2806;734;37;40;0;11;0
2,51578;2020-04-27 13:34:46;0;26;91;164494;80786;26587;18558;11806;11333;7322;2125;74;40;0;14;0
3,018776;2020-04-27 13:34:46;0;26;91;164494;80786;26587;18558;11806;11333;7322;2125;55;36;0;16;0
3,521544;2020-04-27 13:34:46;0;35;84;79069;29332;5840;3459;5782;4530;1544;943;35;36;0;19;0
4,02445;2020-04-27 13:34:46;0;35;84;79069;29332;5840;3459;5782;4530;1544;943;21;36;0;21;0
4,527323;2020-04-27 13:34:46;0;41;67;151418;6554;157;2804;2777;936;558;347;13;36;0;23;0
5,030107;2020-04-27 13:34:46;0;41;67;151418;6554;157;2804;2777;936;558;347;44;36;0;25;0
5,53298;2020-04-27 13:34:46;0;61;67;11950;21054;5140;4284;10249;8558;4965;2437;38;36;0;28;0
6,035934;2020-04-27 13:34:46;0;61;67;11950;21054;5140;4284;10249;8558;4965;2437;75;36;0;31;0
6,538726;2020-04-27 13:34:46;0;66;78;6643;10523;14639;13563;10074;5314;3009;1515;235;36;0;33;0
7,041644;2020-04-27 13:34:46;0;66;78;6643;10523;14639;13563;10074;5314;3009;1515;91;36;0;36;0
7,544487;2020-04-27 13:34:46;0;57;77;51275;34636;3951;4780;1251;2048;1471;553;82;36;0;37;0
8,047348;2020-04-27 13:34:46;0;57;77;51275;34636;3951;4780;1251;2048;1471;553;130;36;0;38;0
8,550145;2020-04-27 13:34:46;0;61;91;62868;20419;15115;12568;3696;6062;1838;997;8;36;0;39;0
9,053173;2020-04-27 13:34:46;0;61;91;62868;20419;15115;12568;3696;6062;1838;997;73;36;0;41;0
9,555847;2020-04-27 13:34:46;0;40;83;27345;72253;9376;1808;4896;4060;1123;650;98;36;0;41;0
10,0588;2020-04-27 13:34:46;0;40;83;27345;72253;9376;1808;4896;4060;1123;650;57;36;0;41;0
10,56154;2020-04-27 13:34:46;0;38;69;40599;5853;1012;1368;616;918;215;245;28;36;0;40;0
11,06449;2020-04-27 13:34:46;0;38;69;40599;5853;1012;1368;616;918;215;245;59;36;0;40;0
11,56746;2020-04-27 13:34:46;0;38;57;100773;42610;2079;2013;7243;2640;805;637;41;36;0;40;0
12,07028;2020-04-27 13:34:46;0;38;57;100773;42610;2079;2013;7243;2640;805;637;74;36;0;40;0
12,57328;2020-04-27 13:34:46;0;44;47;147516;7922;2560;1271;1528;2777;1127;1557;116;36;0;40;0
13,07593;2020-04-27 13:34:46;0;44;47;147516;7922;2560;1271;1528;2777;1127;1557;61;36;0;40;0
13,57886;2020-04-27 13:34:46;0;40;54;92679;21392;5020;1723;2306;849;1874;618;51;36;0;40;0
14,08186;2020-04-27 13:34:46;0;40;54;92679;21392;5020;1723;2306;849;1874;618;21;36;0;40;0
14,58451;2020-04-27 13:34:46;0;17;51;65020;86764;18624;3220;4293;1411;762;438;135;36;0;39;0
15,08744;2020-04-27 13:34:46;0;17;51;65020;86764;18624;3220;4293;1411;762;438;156;36;0;39;0
15,5902;2020-04-27 13:34:46;0;7;67;1174934;591994;165575;56057;16834;13040;9129;2364;45;36;0;38;0
16,09318;2020-04-27 13:34:46;0;7;67;1174934;591994;165575;56057;16834;13040;9129;2364;58;36;0;37;0
16,59597;2020-04-27 13:34:46;0;1;57;191355;75128;8177;5973;10006;5483;2150;463;96;36;0;36;0
17,09884;2020-04-27 13:34:46;0;1;57;191355;75128;8177;5973;10006;5483;2150;463;50;36;0;35;0
17,60173;2020-04-27 13:34:46;0;13;51;62894;8188;1244;495;857;1710;291;165;73;36;0;34;0
18,10463;2020-04-27 13:34:46;0;13;51;62894;8188;1244;495;857;1710;291;165;-25;35;0;33;0
18,60746;2020-04-27 13:34:46;0;23;61;72534;31549;11846;10057;4462;2023;1740;616;91;35;0;33;0
19,11042;2020-04-27 13:34:46;0;23;61;72534;31549;11846;10057;4462;2023;1740;616;81;35;0;33;0
19,61316;2020-04-27 13:34:46;0;38;70;64642;69299;36949;31532;9855;7916;1449;886;23;35;0;33;0
20,11611;2020-04-27 13:34:46;0;38;70;64642;69299;36949;31532;9855;7916;1449;886;103;35;0;33;0
20,61897;2020-04-27 13:34:46;0;38;70;64642;69299;36949;31532;9855;7916;1449;886;37;35;0;33;0
21,12181;2020-04-27 13:34:46;0;38;70;64642;69299;36949;31532;9855;7916;1449;886;329;35;0;33;0
21,6247;2020-04-27 13:34:46;0;23;81;15145;26523;4039;6684;6962;1914;1494;594;49;35;0;33;0
22,12755;2020-04-27 13:34:46;0;44;81;27957;3261;2221;2856;3432;2396;1043;530;70;35;0;33;0
22,63035;2020-04-27 13:34:46;0;44;81;27957;3261;2221;2856;3432;2396;1043;530;136;35;0;33;0
23,13332;2020-04-27 13:34:46;0;40;78;158354;45960;17483;13583;4796;3061;1656;528;-25;35;0;34;0
23,63613;2020-04-27 13:34:46;0;40;78;158354;45960;17483;13583;4796;3061;1656;528;61;35;0;34;0
24,13902;2020-04-27 13:34:46;0;56;90;309537;10831;8665;4628;6837;6079;915;563;40;35;0;34;0
24,64184;2020-04-27 13:34:46;0;56;90;309537;10831;8665;4628;6837;6079;915;563;52;35;0;35;0
25,14468;2020-04-27 13:34:46;0;64;100;48838;37461;11023;30228;7762;8409;3135;1508;34;35;0;35;0
25,64753;2020-04-27 13:34:46;0;64;100;48838;37461;11023;30228;7762;8409;3135;1508;48;35;0;36;0
26,15043;2020-04-27 13:34:46;0;50;100;59447;18121;5144;12121;3026;2208;714;453;91;35;0;36;0
26,65331;2020-04-27 13:34:46;0;50;100;59447;18121;5144;12121;3026;2208;714;453;98;35;0;36;0
27,15613;2020-04-27 13:34:46;0;51;90;324791;28853;1439;3332;1282;1579;953;426;49;35;0;36;0
27,65911;2020-04-27 13:34:46;0;51;90;324791;28853;1439;3332;1282;1579;953;426;68;35;0;37;0
28,16185;2020-04-27 13:34:46;0;60;81;11197;9027;1764;7466;15178;10634;2870;2375;-113;35;0;37;0
28,66468;2020-04-27 13:34:46;0;60;81;11197;9027;1764;7466;15178;10634;2870;2375;200;41;0;38;0
29,16761;2020-04-27 13:34:46;0;60;81;11197;9027;1764;7466;15178;10634;2870;2375;115;41;0;38;0
29,67044;2020-04-27 13:34:46;0;60;81;11197;9027;1764;7466;15178;10634;2870;2375;116;41;0;38;0
30,17332;2020-04-27 13:34:46;0;50;60;61176;14274;1238;1816;1158;643;334;222;43;34;0;38;0
30,67629;2020-04-27 13:34:46;0;50;60;61176;14274;1238;1816;1158;643;334;222;70;34;0;39;0
31,17903;2020-04-27 13:34:46;0;56;70;19797;12868;5055;2454;3739;1511;1372;1233;68;34;0;39;0
31,68201;2020-04-27 13:34:46;0;56;70;19797;12868;5055;2454;3739;1511;1372;1233;84;37;0;39;0
32,18472;2020-04-27 13:34:46;0;30;74;249434;29175;6055;6117;6591;2628;1421;491;76;37;0;39;0
32,6876;2020-04-27 13:34:46;0;30;74;249434;29175;6055;6117;6591;2628;1421;491;80;35;0;39;0
33,19043;2020-04-27 13:34:46;0;37;53;210719;19533;439;1971;2638;2688;1402;765;37;35;0;39;0
33,69339;2020-04-27 13:34:46;0;37;53;210719;19533;439;1971;2638;2688;1402;765;43;35;0;39;0
34,19619;2020-04-27 13:34:46;0;37;53;210719;19533;439;1971;2638;2688;1402;765;73;35;0;39;0
34,69907;2020-04-27 13:34:46;0;37;53;210719;19533;439;1971;2638;2688;1402;765;18;35;0;39;0
35,20186;2020-04-27 13:34:46;0;67;78;9035;5605;5898;8124;10873;3755;1469;1115;83;35;0;39;0
35,70484;2020-04-27 13:34:46;0;67;78;9035;5605;5898;8124;10873;3755;1469;1115;-85;35;0;40;0
36,20774;2020-04-27 13:34:46;0;63;77;100636;27276;6929;2092;2524;1419;1350;525;-99;35;0;40;0
36,71058;2020-04-27 13:34:46;0;63;77;100636;27276;6929;2092;2524;1419;1350;525;80;35;0;40;0
37,21347;2020-04-27 13:34:46;0;56;100;89869;13319;8721;8511;3189;2102;876;597;86;35;0;40;0
37,71638;2020-04-27 13:34:46;0;56;100;89869;13319;8721;8511;3189;2102;876;597;161;35;0;41;0
38,21919;2020-04-27 13:34:46;0;48;96;321149;13756;5506;5094;5271;2327;968;613;11;35;0;41;0
38,72221;2020-04-27 13:34:46;0;48;96;321149;13756;5506;5094;5271;2327;968;613;98;35;0;41;0
39,22487;2020-04-27 13:34:46;0;23;67;946991;325046;2595;19799;2981;6539;6983;4347;91;50;0;41;0
39,7278;2020-04-27 13:34:46;0;23;67;946991;325046;2595;19799;2981;6539;6983;4347;113;50;0;40;0
40,23065;2020-04-27 13:34:46;0;37;69;264294;15364;4024;2197;1627;2997;2341;724;82;50;0;40;0
40,73343;2020-04-27 13:34:46;0;37;69;264294;15364;4024;2197;1627;2997;2341;724;19;50;0;40;0
41,23635;2020-04-27 13:34:46;0;50;57;47009;12632;1477;4186;3108;4108;1220;614;39;50;0;40;0
41,7392;2020-04-27 13:34:46;0;50;57;47009;12632;1477;4186;3108;4108;1220;614;34;50;0;40;0
42,24219;2020-04-27 13:34:46;0;53;53;33807;20685;12111;3470;26293;5173;5244;968;8;50;0;41;0
42,74495;2020-04-27 13:34:46;0;53;53;33807;20685;12111;3470;26293;5173;5244;968;-90;50;0;41;0
43,24782;2020-04-27 13:34:46;0;53;53;33807;20685;12111;3470;26293;5173;5244;968;182;50;0;41;0
43,75064;2020-04-27 13:34:46;0;53;53;33807;20685;12111;3470;26293;5173;5244;968;74;50;0;41;0
44,25355;2020-04-27 13:34:46;0;37;54;212434;71799;16201;3830;12611;2204;2707;2337;112;50;0;41;0
44,75636;2020-04-27 13:34:46;0;37;54;212434;71799;16201;3830;12611;2204;2707;2337;72;50;0;41;0
45,25926;2020-04-27 13:34:46;0;21;64;60570;19474;11343;7422;5368;2720;1001;639;27;50;0;41;0
45,76217;2020-04-27 13:34:46;0;21;64;60570;19474;11343;7422;5368;2720;1001;639;107;50;0;40;0
46,26495;2020-04-27 13:34:46;0;7;63;264683;75777;18613;6835;3104;3401;762;1381;70;50;0;40;0
46,76781;2020-04-27 13:34:46;0;7;63;264683;75777;18613;6835;3104;3401;762;1381;107;50;0;40;0
47,27077;2020-04-27 13:34:46;0;7;63;264683;75777;18613;6835;3104;3401;762;1381;53;50;0;39;0
47,77357;2020-04-27 13:34:46;0;7;63;264683;75777;18613;6835;3104;3401;762;1381;-168;50;0;39;0
48,27652;2020-04-27 13:34:46;0;21;84;48347;34703;14008;4294;4114;4049;744;374;182;50;0;39;0
48,77939;2020-04-27 13:34:46;0;21;84;48347;34703;14008;4294;4114;4049;744;374;57;50;0;39;0
49,2822;2020-04-27 13:34:46;0;23;81;61519;9614;7696;1733;5234;1646;805;579;-62;50;0;38;0
49,78502;2020-04-27 13:34:46;0;23;81;61519;9614;7696;1733;5234;1646;805;579;323;50;0;38;0
50,28795;2020-04-27 13:34:46;0;24;87;117619;38487;11256;9912;6139;2803;1460;970;55;50;0;38;0
50,79094;2020-04-27 13:34:46;0;24;87;117619;38487;11256;9912;6139;2803;1460;970;98;50;0;38;0
51,29358;2020-04-27 13:34:46;0;29;93;63640;23683;15995;3809;1539;1592;902;437;28;50;0;38;0
51,79646;2020-04-27 13:34:46;0;29;93;63640;23683;15995;3809;1539;1592;902;437;80;50;0;38;0
52,29935;2020-04-27 13:34:46;0;10;87;54022;19336;3545;1010;805;222;168;120;224;50;0;38;0
52,8022;2020-04-27 13:34:46;0;10;87;54022;19336;3545;1010;805;222;168;120;231;50;0;37;0
53,30502;2020-04-27 13:34:46;0;13;87;60139;14991;5335;5704;2016;2286;786;531;49;50;0;37;0
53,80801;2020-04-27 13:34:46;0;13;87;60139;14991;5335;5704;2016;2286;786;531;109;50;0;37;0
54,31085;2020-04-27 13:34:46;0;17;88;184110;27607;7369;9416;3536;2527;1166;483;68;50;0;37;0
54,81374;2020-04-27 13:34:46;0;17;88;184110;27607;7369;9416;3536;2527;1166;483;59;50;0;36;0
55,31654;2020-04-27 13:34:46;0;20;91;40180;23087;21325;2291;1735;1586;573;480;128;50;0;36;0
55,81946;2020-04-27 13:34:46;0;20;91;40180;23087;21325;2291;1735;1586;573;480;35;50;0;36;0
56,32227;2020-04-27 13:34:46;0;34;81;475722;56351;2454;3651;2581;2399;2550;820;13;50;0;36;0
56,82513;2020-04-27 13:34:46;0;34;81;475722;56351;2454;3651;2581;2399;2550;820;64;50;0;36;0
57,32791;2020-04-27 13:34:46;0;50;74;8189;11493;10780;2984;23881;11594;7359;1941;50;50;0;36;0
57,83091;2020-04-27 13:34:46;0;50;74;8189;11493;10780;2984;23881;11594;7359;1941;29;50;0;36;0
58,33381;2020-04-27 13:34:46;0;56;63;109357;110249;6531;23216;10848;18004;10659;4214;87;33;0;36;0
58,83663;2020-04-27 13:34:46;0;56;63;109357;110249;6531;23216;10848;18004;10659;4214;97;33;0;37;0
59,33947;2020-04-27 13:34:46;0;66;60;68262;30388;17021;5796;1444;3970;3109;1414;19;33;0;37;0
59,84235;2020-04-27 13:34:46;0;66;60;68262;30388;17021;5796;1444;3970;3109;1414;71;33;0;37;0
60,34518;2020-04-27 13:34:46;0;75;70;86664;52621;15444;2444;8243;6903;1913;2999;68;33;0;37;0
60,84816;2020-04-27 13:34:46;0;75;70;86664;52621;15444;2444;8243;6903;1913;2999;109;33;0;38;0
61,35094;2020-04-27 13:34:46;0;75;70;86664;52621;15444;2444;8243;6903;1913;2999;51;33;0;38;0
61,85379;2020-04-27 13:34:46;0;75;70;86664;52621;15444;2444;8243;6903;1913;2999;68;33;0;38;0
62,35662;2020-04-27 13:34:46;0;60;91;2693;14048;38410;33504;7322;6196;5410;5160;165;33;0;39;0
62,85953;2020-04-27 13:34:46;0;60;91;2693;14048;38410;33504;7322;6196;5410;5160;83;33;0;39;0
63,36237;2020-04-27 13:34:46;0;54;75;83709;19781;1394;3586;3010;1494;1353;808;89;33;0;39;0
63,86511;2020-04-27 13:34:46;0;54;75;83709;19781;1394;3586;3010;1494;1353;808;101;33;0;39;0
64,36812;2020-04-27 13:34:46;0;63;66;62463;8739;940;1304;4324;2263;1176;546;-61;33;0;39;0
64,87093;2020-04-27 13:34:46;0;63;66;62463;8739;940;1304;4324;2263;1176;546;72;33;0;39;0
65,37383;2020-04-27 13:34:46;0;63;66;62463;8739;940;1304;4324;2263;1176;546;-42;33;0;39;0
65,87672;2020-04-27 13:34:46;0;63;66;62463;8739;940;1304;4324;2263;1176;546;-56;33;0;40;0
66,37959;2020-04-27 13:34:46;0;60;44;141384;52794;18454;4269;21626;13378;6177;1956;-135;45;0;40;0
66,88242;2020-04-27 13:34:46;0;60;44;141384;52794;18454;4269;21626;13378;6177;1956;60;45;0;40;0
67,38524;2020-04-27 13:34:46;0;64;53;475574;16494;5059;5970;5861;2157;1682;1656;138;45;0;40;0
67,88818;2020-04-27 13:34:46;0;64;53;475574;16494;5059;5970;5861;2157;1682;1656;52;45;0;40;0
68,39098;2020-04-27 13:34:46;0;51;67;974008;150608;54502;83976;20385;18056;9779;8048;120;45;0;40;0
68,89383;2020-04-27 13:34:46;0;51;67;974008;150608;54502;83976;20385;18056;9779;8048;99;45;0;40;0
69,39665;2020-04-27 13:34:46;0;53;61;152891;74127;9808;7984;10946;4759;2515;4018;27;45;0;41;0
69,8996;2020-04-27 13:34:46;0;53;61;152891;74127;9808;7984;10946;4759;2515;4018;72;45;0;41;0
70,40246;2020-04-27 13:34:46;0;57;57;41812;28953;6022;3258;10658;13195;8658;7467;72;45;0;41;0
70,90525;2020-04-27 13:34:46;0;54;57;77008;147536;52048;14574;16726;11528;5879;2988;-84;45;0;41;0
71,40813;2020-04-27 13:34:46;0;54;57;77008;147536;52048;14574;16726;11528;5879;2988;16;45;0;41;0
71,91122;2020-04-27 13:34:46;0;54;57;77008;147536;52048;14574;16726;11528;5879;2988;35;45;0;41;0
72,41412;2020-04-27 13:34:46;0;61;53;209020;38588;14868;9476;3667;8215;3535;1532;24;45;0;41;0
72,91698;2020-04-27 13:34:46;0;80;53;11178;17219;1035;5336;5064;6668;2409;1850;52;45;0;41;0
73,41975;2020-04-27 13:34:46;0;80;53;11178;17219;1035;5336;5064;6668;2409;1850;59;45;0;42;0
73,92258;2020-04-27 13:34:46;0;67;66;5980;14461;5644;10848;5550;3225;2628;2596;34;45;0;42;0
74,42544;2020-04-27 13:34:46;0;67;66;5980;14461;5644;10848;5550;3225;2628;2596;-74;45;0;42;0
74,92829;2020-04-27 13:34:46;0;66;64;127213;51388;15608;5052;3907;3457;1312;597;92;45;0;42;0
75,43118;2020-04-27 13:34:46;0;66;64;127213;51388;15608;5052;3907;3457;1312;597;-83;45;0;42;0
75,934;2020-04-27 13:34:46;0;66;64;127213;51388;15608;5052;3907;3457;1312;597;44;45;0;42;0
76,43683;2020-04-27 13:34:46;0;66;64;127213;51388;15608;5052;3907;3457;1312;597;25;45;0;43;0
76,93977;2020-04-27 13:34:46;0;48;67;266075;9967;9442;5996;1357;1993;717;459;72;45;0;43;0
77,44257;2020-04-27 13:34:46;0;48;67;266075;9967;9442;5996;1357;1993;717;459;18;45;0;43;0
77,94548;2020-04-27 13:34:46;0;57;56;33078;20325;5544;2181;10065;7521;3263;2923;-87;45;0;43;0
78,44829;2020-04-27 13:34:46;0;57;56;33078;20325;5544;2181;10065;7521;3263;2923;77;45;0;43;0
78,95125;2020-04-27 13:34:46;0;51;51;216462;59755;8015;6678;2425;1855;1005;695;260;45;0;43;0
79,45406;2020-04-27 13:34:46;0;51;51;216462;59755;8015;6678;2425;1855;1005;695;43;45;0;43;0
79,95694;2020-04-27 13:34:46;0;37;51;89944;19665;1494;868;331;413;213;137;70;45;0;43;0
80,45989;2020-04-27 13:34:46;0;37;51;89944;19665;1494;868;331;413;213;137;26;45;0;43;0
80,96266;2020-04-27 13:34:46;0;34;35;44121;41865;8319;1079;2035;2817;824;495;96;45;0;43;0
81,46548;2020-04-27 13:34:46;0;34;35;44121;41865;8319;1079;2035;2817;824;495;40;45;0;43;0
81,96836;2020-04-27 13:34:46;0;17;41;172192;101666;14431;36861;7090;9752;5827;2589;9;37;0;43;0
82,47127;2020-04-27 13:34:46;0;17;41;172192;101666;14431;36861;7090;9752;5827;2589;-54;37;0;42;0
82,974;2020-04-27 13:34:46;0;29;47;18459;22693;6787;4278;2098;2791;965;768;12;37;0;42;0
83,4771;2020-04-27 13:34:46;0;29;47;18459;22693;6787;4278;2098;2791;965;768;101;37;0;42;0
83,97984;2020-04-27 13:34:46;0;48;48;558044;119545;20101;3029;18219;16215;3040;4134;102;37;0;42;0
84,48276;2020-04-27 13:34:46;0;48;48;558044;119545;20101;3029;18219;16215;3040;4134;77;37;0;42;0
84,98557;2020-04-27 13:34:46;0;47;44;92066;30466;3001;2002;1953;1633;2238;286;54;37;0;42;0
85,48843;2020-04-27 13:34:46;0;47;44;92066;30466;3001;2002;1953;1633;2238;286;58;37;0;42;0
85,99123;2020-04-27 13:34:46;0;34;41;53197;34899;6104;6572;2170;782;1301;764;67;37;0;42;0
86,49413;2020-04-27 13:34:46;0;34;41;53197;34899;6104;6572;2170;782;1301;764;61;37;0;42;0
86,99709;2020-04-27 13:34:46;0;23;38;85628;78227;19482;3765;9249;3061;2705;1108;48;37;0;42;0
87,49995;2020-04-27 13:34:46;0;23;38;85628;78227;19482;3765;9249;3061;2705;1108;-40;37;0;42;0
88,00277;2020-04-27 13:34:46;0;23;38;85628;78227;19482;3765;9249;3061;2705;1108;21;37;0;42;0
88,50566;2020-04-27 13:34:46;0;23;38;85628;78227;19482;3765;9249;3061;2705;1108;217;37;0;42;0
89,00846;2020-04-27 13:34:46;0;20;54;100705;36376;17262;4771;2728;2486;742;478;-71;37;0;42;0
89,51141;2020-04-27 13:34:46;0;20;54;100705;36376;17262;4771;2728;2486;742;478;98;37;0;42;0
90,0142;2020-04-27 13:34:46;0;24;63;121880;6568;6115;383;673;351;364;280;99;37;0;41;0
90,51716;2020-04-27 13:34:46;0;24;63;121880;6568;6115;383;673;351;364;280;299;37;0;41;0
91,01994;2020-04-27 13:34:46;0;43;61;217763;79142;9326;15152;9880;18565;11602;3770;66;37;0;41;0
91,5229;2020-04-27 13:34:46;0;43;61;217763;79142;9326;15152;9880;18565;11602;3770;58;37;0;41;0
92,02574;2020-04-27 13:34:46;0;44;54;137911;95918;12626;2443;22394;11985;5642;3242;93;37;0;41;0
92,52854;2020-04-27 13:34:46;0;44;54;137911;95918;12626;2443;22394;11985;5642;3242;19;37;0;41;0
93,03162;2020-04-27 13:34:46;0;44;43;107819;50421;4979;2457;2407;2095;2009;800;91;37;0;41;0
93,53421;2020-04-27 13:34:46;0;44;43;107819;50421;4979;2457;2407;2095;2009;800;-116;37;0;41;0
94,03718;2020-04-27 13:34:46;0;60;29;45373;16567;2298;3766;6175;2847;624;770;60;37;0;42;0
94,54004;2020-04-27 13:34:46;0;60;29;45373;16567;2298;3766;6175;2847;624;770;109;37;0;42;0
95,04289;2020-04-27 13:34:46;0;57;41;166203;13497;8958;5144;3937;4870;1147;1405;72;37;0;42;0
95,54568;2020-04-27 13:34:46;0;57;41;166203;13497;8958;5144;3937;4870;1147;1405;-114;37;0;42;0
96,04858;2020-04-27 13:34:46;0;54;35;75762;82254;2664;3342;1984;6214;2214;942;308;37;0;42;0
96,55145;2020-04-27 13:34:46;0;54;35;75762;82254;2664;3342;1984;6214;2214;942;32;37;0;42;0
97,05436;2020-04-27 13:34:46;0;56;50;43069;18336;5301;6719;578;1407;1116;866;54;37;0;42;0
97,55715;2020-04-27 13:34:46;0;56;50;43069;18336;5301;6719;578;1407;1116;866;41;37;0;42;0
98,06009;2020-04-27 13:34:46;0;56;56;75453;50461;15122;18692;11258;11184;2688;3618;-110;37;0;42;0
98,56294;2020-04-27 13:34:46;0;56;56;75453;50461;15122;18692;11258;11184;2688;3618;86;37;0;42;0
99,0658;2020-04-27 13:34:46;0;63;48;64511;12484;4525;2100;5802;6042;1210;768;44;37;0;42;0
99,56872;2020-04-27 13:34:46;0;63;48;64511;12484;4525;2100;5802;6042;1210;768;41;37;0;42;0
100,0715;2020-04-27 13:34:46;0;57;67;133837;35165;16877;3071;2425;2915;2407;445;-137;37;0;42;0
100,5743;2020-04-27 13:34:46;0;57;67;133837;35165;16877;3071;2425;2915;2407;445;56;37;0;43;0
101,0772;2020-04-27 13:34:46;0;47;61;137852;82367;10405;15218;3074;1510;1052;582;25;37;0;43;0
101,5801;2020-04-27 13:34:46;0;47;61;137852;82367;10405;15218;3074;1510;1052;582;76;37;0;43;0
102,0829;2020-04-27 13:34:46;0;54;63;59007;14160;8633;10966;7859;10272;5748;3119;81;37;0;43;0
102,5858;2020-04-27 13:34:46;0;54;63;59007;14160;8633;10966;7859;10272;5748;3119;71;37;0;43;0
103,0886;2020-04-27 13:34:46;0;50;66;101588;5700;2055;1134;602;1530;257;180;96;37;0;43;0
103,5915;2020-04-27 13:34:46;0;50;66;101588;5700;2055;1134;602;1530;257;180;-73;37;0;43;0
104,0943;2020-04-27 13:34:46;0;57;66;99204;76709;9971;35677;6158;14777;3951;3402;-10;37;0;43;0
104,5972;2020-04-27 13:34:46;0;57;66;99204;76709;9971;35677;6158;14777;3951;3402;10;37;0;43;0
105,1001;2020-04-27 13:34:46;0;81;60;38038;13208;1536;957;1839;2085;1488;1163;66;37;0;43;0
105,6029;2020-04-27 13:34:46;0;81;60;38038;13208;1536;957;1839;2085;1488;1163;83;39;0;43;0
106,1058;2020-04-27 13:34:46;0;81;60;38038;13208;1536;957;1839;2085;1488;1163;97;39;0;43;0
106,6087;2020-04-27 13:34:46;0;81;60;38038;13208;1536;957;1839;2085;1488;1163;-3;39;0;44;0
107,1115;2020-04-27 13:34:46;0;51;50;126583;59323;13767;2610;6721;2679;1632;334;89;39;0;44;0
107,6143;2020-04-27 13:34:46;0;51;50;126583;59323;13767;2610;6721;2679;1632;334;-41;39;0;44;0
108,1172;2020-04-27 13:34:46;0;41;44;47398;39639;9819;3302;179;2142;1710;430;51;39;0;44;0
108,6202;2020-04-27 13:34:46;0;41;44;47398;39639;9819;3302;179;2142;1710;430;116;39;0;44;0
109,123;2020-04-27 13:34:46;0;48;60;9244;17837;3845;17331;5319;10014;4205;2704;56;39;0;44;0
109,6259;2020-04-27 13:34:46;0;48;60;9244;17837;3845;17331;5319;10014;4205;2704;64;39;0;44;0
110,1288;2020-04-27 13:34:46;0;48;60;9244;17837;3845;17331;5319;10014;4205;2704;104;39;0;44;0
110,6316;2020-04-27 13:34:46;0;48;60;9244;17837;3845;17331;5319;10014;4205;2704;40;39;0;44;0
111,1343;2020-04-27 13:34:46;0;50;48;56996;17213;2574;2201;1389;784;511;893;147;39;0;44;0
111,6374;2020-04-27 13:34:46;0;50;48;56996;17213;2574;2201;1389;784;511;893;35;39;0;44;0
112,1402;2020-04-27 13:34:46;0;53;48;60917;32977;6239;5057;1242;2762;418;424;57;39;0;44;0
112,643;2020-04-27 13:34:46;0;53;48;60917;32977;6239;5057;1242;2762;418;424;73;39;0;44;0
113,1459;2020-04-27 13:34:46;0;57;50;3960;6233;10703;3667;7960;8833;2910;1902;48;39;0;44;0
113,6488;2020-04-27 13:34:46;0;57;50;3960;6233;10703;3667;7960;8833;2910;1902;87;39;0;44;0
114,1517;2020-04-27 13:34:46;0;69;61;51631;5849;1487;2269;1147;2691;548;539;107;39;0;44;0
114,6544;2020-04-27 13:34:46;0;69;61;51631;5849;1487;2269;1147;2691;548;539;-9;39;0;44;0
115,1576;2020-04-27 13:34:46;0;80;54;81172;18726;2340;865;2643;2214;1540;1239;101;39;0;44;0
115,6602;2020-04-27 13:34:46;0;80;54;81172;18726;2340;865;2643;2214;1540;1239;-3;39;0;44;0
116,1632;2020-04-27 13:34:46;0;88;43;558666;85795;6031;4088;9996;12364;11524;5171;4;39;0;45;0
116,666;2020-04-27 13:34:46;0;88;43;558666;85795;6031;4088;9996;12364;11524;5171;-66;39;0;45;0
117,1689;2020-04-27 13:34:46;0;61;30;143674;82776;11683;3609;1969;2448;1487;933;52;39;0;45;0
117,6717;2020-04-27 13:34:46;0;40;30;1003088;160894;57415;14123;3054;7432;4423;5434;105;39;0;45;0
118,1746;2020-04-27 13:34:46;0;40;30;1003088;160894;57415;14123;3054;7432;4423;5434;64;39;0;45;0
118,6775;2020-04-27 13:34:46;0;38;37;146631;31550;6184;1502;1238;3532;473;497;101;39;0;45;0
119,1803;2020-04-27 13:34:46;0;38;37;146631;31550;6184;1502;1238;3532;473;497;-116;39;0;45;0
119,6832;2020-04-27 13:34:46;0;23;50;24648;26617;8344;892;1345;1265;757;407;33;39;0;45;0
120,1861;2020-04-27 13:34:46;0;23;50;24648;26617;8344;892;1345;1265;757;407;157;39;0;45;0
120,6889;2020-04-27 13:34:46;0;34;57;77731;13436;3894;3805;2634;1535;736;314;42;39;0;45;0
121,1917;2020-04-27 13:34:46;0;34;57;77731;13436;3894;3805;2634;1535;736;314;124;39;0;44;0
121,6947;2020-04-27 13:34:46;0;53;50;105094;4704;438;1022;2565;1545;524;613;21;39;0;45;0
122,1975;2020-04-27 13:34:46;0;53;50;105094;4704;438;1022;2565;1545;524;613;83;39;0;45;0
122,7004;2020-04-27 13:34:46;0;56;53;67573;14672;4879;2171;4414;2547;462;360;69;39;0;45;0
123,2033;2020-04-27 13:34:46;0;56;53;67573;14672;4879;2171;4414;2547;462;360;59;39;0;45;0
