0,5041079;2020-04-27 13:31:55;0;0;0;0;0;0;0;0;0;0;0;40;0;0;0;0
1,006982;2020-04-27 13:31:55;0;0;0;0;0;0;0;0;0;0;0;161;0;0;0;0
1,509933;2020-04-27 13:31:55;0;0;0;0;0;0;0;0;0;0;0;113;0;0;0;0
2,012712;2020-04-27 13:31:55;0;34;74;49896;7798;3126;4478;5686;1952;1254;1768;52;0;0;8;0
2,515658;2020-04-27 13:31:55;0;34;74;49896;7798;3126;4478;5686;1952;1254;1768;12;0;0;13;0
3,018543;2020-04-27 13:31:55;0;24;75;38781;10302;4750;3410;958;2338;1114;1406;105;0;0;15;0
3,521399;2020-04-27 13:31:55;0;24;75;38781;10302;4750;3410;958;2338;1114;1406;65;0;0;16;0
4,024315;2020-04-27 13:31:55;0;24;47;110775;77604;1234;5346;7171;2017;548;1040;74;0;0;17;0
4,527166;2020-04-27 13:31:55;0;24;47;110775;77604;1234;5346;7171;2017;548;1040;91;0;0;18;0
5,029977;2020-04-27 13:31:55;0;1;47;44129;65714;10657;2239;1203;1560;863;1072;60;0;0;16;0
5,532745;2020-04-27 13:31:55;0;1;47;44129;65714;10657;2239;1203;1560;863;1072;73;0;0;15;0
6,035598;2020-04-27 13:31:55;0;8;37;39753;73745;14235;7381;11162;7816;3864;4505;-132;0;0;14;0
6,538528;2020-04-27 13:31:55;0;8;37;39753;73745;14235;7381;11162;7816;3864;4505;56;0;0;14;0
7,041393;2020-04-27 13:31:55;0;4;35;40616;17730;10367;1313;1688;1462;209;1004;92;0;0;13;0
7,544228;2020-04-27 13:31:55;0;4;35;40616;17730;10367;1313;1688;1462;209;1004;53;0;0;12;0
8,047115;2020-04-27 13:31:55;0;26;56;41254;19509;5558;1386;1709;1759;924;1140;268;0;0;13;0
8,549964;2020-04-27 13:31:55;0;26;56;41254;19509;5558;1386;1709;1759;924;1140;53;0;0;14;0
9,052724;2020-04-27 13:31:55;0;63;64;87247;8610;2345;3075;5108;2556;466;552;68;0;0;16;0
9,555779;2020-04-27 13:31:55;0;63;64;87247;8610;2345;3075;5108;2556;466;552;18;0;0;19;0
10,05864;2020-04-27 13:31:55;0;44;69;120601;32734;6081;5284;3097;1372;465;394;82;0;0;20;0
10,5615;2020-04-27 13:31:55;0;44;69;120601;32734;6081;5284;3097;1372;465;394;44;0;0;21;0
11,06436;2020-04-27 13:31:55;0;61;56;86343;66205;10432;6576;4644;10276;4684;3729;80;0;0;23;0
11,56734;2020-04-27 13:31:55;0;61;56;86343;66205;10432;6576;4644;10276;4684;3729;49;0;0;25;0
12,0701;2020-04-27 13:31:55;0;74;61;11714;11853;3834;3839;2198;2813;2486;938;65;0;0;27;0
12,57295;2020-04-27 13:31:55;0;74;61;11714;11853;3834;3839;2198;2813;2486;938;48;0;0;29;0
13,07574;2020-04-27 13:31:55;0;50;54;70247;34666;4375;3522;2623;1798;678;536;57;0;0;29;0
13,57863;2020-04-27 13:31:55;0;50;54;70247;34666;4375;3522;2623;1798;678;536;48;0;0;30;0
14,08147;2020-04-27 13:31:55;0;53;40;43672;40159;1318;3965;3413;1790;1147;354;84;0;0;31;0
14,58434;2020-04-27 13:31:55;0;53;40;43672;40159;1318;3965;3413;1790;1147;354;74;0;0;32;0
15,08731;2020-04-27 13:31:55;0;53;40;43672;40159;1318;3965;3413;1790;1147;354;-75;0;0;32;0
15,5901;2020-04-27 13:31:55;0;34;20;264369;39432;837;3474;3115;3461;707;327;49;0;0;32;0
16,09297;2020-04-27 13:31:55;0;34;20;264369;39432;837;3474;3115;3461;707;327;88;0;0;32;0
16,59579;2020-04-27 13:31:55;0;34;20;264369;39432;837;3474;3115;3461;707;327;12;0;0;32;0
17,09865;2020-04-27 13:31:55;0;34;23;56814;103926;12118;16760;11903;6179;5441;1226;12;0;0;32;0
17,60158;2020-04-27 13:31:55;0;24;41;76984;54002;24388;2167;1551;1869;500;1208;-81;0;0;32;0
18,10438;2020-04-27 13:31:55;0;24;41;76984;54002;24388;2167;1551;1869;500;1208;16;0;0;32;0
18,6073;2020-04-27 13:31:55;0;24;41;76984;54002;24388;2167;1551;1869;500;1208;18;0;0;32;0
19,11009;2020-04-27 13:31:55;0;24;41;76984;54002;24388;2167;1551;1869;500;1208;170;0;0;32;0
19,61299;2020-04-27 13:31:55;0;14;63;120321;19011;6750;4979;1075;2998;667;297;44;0;0;31;0
20,11586;2020-04-27 13:31:55;0;14;63;120321;19011;6750;4979;1075;2998;667;297;81;0;0;31;0
20,61871;2020-04-27 13:31:55;0;14;69;103088;25654;7701;4473;1225;1909;414;521;64;0;0;30;0
21,12163;2020-04-27 13:31:55;0;14;69;103088;25654;7701;4473;1225;1909;414;521;-81;0;0;30;0
21,62452;2020-04-27 13:31:55;0;26;57;100133;38382;7509;1894;6677;1954;853;515;85;0;0;30;0
22,1274;2020-04-27 13:31:55;0;26;57;100133;38382;7509;1894;6677;1954;853;515;205;0;0;30;0
22,63018;2020-04-27 13:31:55;0;29;48;35512;11805;278;914;394;480;155;327;75;0;0;30;0
23,13305;2020-04-27 13:31:55;0;29;48;35512;11805;278;914;394;480;155;327;5;0;0;30;0
23,63595;2020-04-27 13:31:55;0;29;48;35512;11805;278;914;394;480;155;327;280;0;0;30;0
24,1387;2020-04-27 13:31:55;0;29;48;35512;11805;278;914;394;480;155;327;59;0;0;30;0
24,64161;2020-04-27 13:31:55;0;41;47;595096;123567;23603;42561;39971;42356;13593;13503;36;0;0;30;0
25,14455;2020-04-27 13:31:55;0;41;47;595096;123567;23603;42561;39971;42356;13593;13503;218;0;0;30;0
25,64739;2020-04-27 13:31:55;0;67;48;1818586;92620;14720;16635;13724;27048;7455;1545;112;31;0;31;0
26,15014;2020-04-27 13:31:55;0;67;48;1818586;92620;14720;16635;13724;27048;7455;1545;43;31;0;31;0
26,65304;2020-04-27 13:31:55;0;70;69;47456;31230;11227;4005;3056;2282;860;276;76;31;0;32;0
27,15597;2020-04-27 13:31:55;0;70;69;47456;31230;11227;4005;3056;2282;860;276;131;31;0;33;0
27,65882;2020-04-27 13:31:55;0;87;74;36822;54383;28795;15018;5801;7894;2522;5186;33;31;0;34;0
28,16169;2020-04-27 13:31:55;0;87;74;36822;54383;28795;15018;5801;7894;2522;5186;65;31;0;35;0
28,66459;2020-04-27 13:31:55;0;54;64;160818;46301;5388;4876;3053;1844;875;1017;86;31;0;35;0
29,16745;2020-04-27 13:31:55;0;54;64;160818;46301;5388;4876;3053;1844;875;1017;49;31;0;35;0
29,67026;2020-04-27 13:31:55;0;30;69;35607;33013;11263;1394;4366;2605;650;1814;53;31;0;35;0
30,1732;2020-04-27 13:31:55;0;30;69;35607;33013;11263;1394;4366;2605;650;1814;218;43;0;35;0
30,67611;2020-04-27 13:31:55;0;24;64;50991;51578;9834;5715;6838;2229;541;313;136;43;0;35;0
31,17891;2020-04-27 13:31:55;0;24;64;50991;51578;9834;5715;6838;2229;541;313;88;43;0;35;0
31,68174;2020-04-27 13:31:55;0;34;66;154459;2973;1965;3190;3096;1226;648;436;42;43;0;35;0
32,18461;2020-04-27 13:31:55;0;34;66;154459;2973;1965;3190;3096;1226;648;436;-25;43;0;35;0
32,68749;2020-04-27 13:31:55;0;41;63;322092;44510;6943;1107;5623;2569;1848;459;21;43;0;35;0
33,19034;2020-04-27 13:31:55;0;41;63;322092;44510;6943;1107;5623;2569;1848;459;35;43;0;35;0
33,69321;2020-04-27 13:31:55;0;51;69;7429;26189;12806;12837;19392;5486;3405;1775;45;43;0;35;0
34,19612;2020-04-27 13:31:55;0;51;69;7429;26189;12806;12837;19392;5486;3405;1775;82;43;0;35;0
34,69886;2020-04-27 13:31:55;0;87;80;9306;7728;8145;6890;14081;6010;2604;1983;55;43;0;36;0
35,20206;2020-04-27 13:31:55;0;87;80;9306;7728;8145;6890;14081;6010;2604;1983;25;43;0;37;0
35,70467;2020-04-27 13:31:55;0;87;67;36474;12127;2050;3425;910;2603;829;677;96;43;0;38;0
36,20749;2020-04-27 13:31:55;0;87;67;36474;12127;2050;3425;910;2603;829;677;51;43;0;38;0
36,71042;2020-04-27 13:31:55;0;69;54;75018;78890;2810;3288;3588;1481;1484;1141;37;43;0;39;0
37,21328;2020-04-27 13:31:55;0;69;54;75018;78890;2810;3288;3588;1481;1484;1141;60;43;0;39;0
37,71614;2020-04-27 13:31:55;0;70;54;57207;9719;6180;2397;6116;1848;561;456;38;43;0;39;0
38,21888;2020-04-27 13:31:55;0;70;54;57207;9719;6180;2397;6116;1848;561;456;25;43;0;40;0
38,72189;2020-04-27 13:31:55;0;47;56;112344;83456;38066;44844;41540;8193;5081;4212;86;43;0;40;0
39,22478;2020-04-27 13:31:55;0;47;56;112344;83456;38066;44844;41540;8193;5081;4212;52;43;0;40;0
39,72761;2020-04-27 13:31:55;0;41;61;96161;11930;4980;2385;1789;1994;717;928;75;43;0;40;0
40,23051;2020-04-27 13:31:55;0;41;61;96161;11930;4980;2385;1789;1994;717;928;99;43;0;40;0
40,73336;2020-04-27 13:31:55;0;83;84;110778;24990;9878;3880;5891;12773;3143;2152;42;43;0;41;0
41,23628;2020-04-27 13:31:55;0;83;84;110778;24990;9878;3880;5891;12773;3143;2152;73;43;0;41;0
41,73901;2020-04-27 13:31:55;0;96;80;12594;7660;8688;2162;10826;11226;2241;2408;93;43;0;42;0
42,24201;2020-04-27 13:31:55;0;96;80;12594;7660;8688;2162;10826;11226;2241;2408;84;43;0;42;0
42,74486;2020-04-27 13:31:55;0;100;77;32885;26312;9836;8632;7952;6203;4379;2569;-28;43;0;43;0
43,24777;2020-04-27 13:31:55;0;100;77;32885;26312;9836;8632;7952;6203;4379;2569;37;43;0;44;0
43,75045;2020-04-27 13:31:55;0;90;66;194571;36921;6038;3448;4569;3021;1890;451;83;43;0;44;0
44,25334;2020-04-27 13:31:55;0;90;66;194571;36921;6038;3448;4569;3021;1890;451;68;43;0;45;0
44,75632;2020-04-27 13:31:55;0;66;83;26652;34364;16609;25679;2323;5752;5295;910;-28;43;0;45;0
45,2591;2020-04-27 13:31:55;0;66;83;26652;34364;16609;25679;2323;5752;5295;910;89;43;0;45;0
45,76198;2020-04-27 13:31:55;0;66;83;26652;34364;16609;25679;2323;5752;5295;910;65;43;0;45;0
46,26482;2020-04-27 13:31:55;0;66;83;26652;34364;16609;25679;2323;5752;5295;910;81;43;0;46;0
46,76773;2020-04-27 13:31:55;0;37;96;66920;10748;7661;36734;14400;8631;7644;3675;76;43;0;46;0
47,27053;2020-04-27 13:31:55;0;37;96;66920;10748;7661;36734;14400;8631;7644;3675;22;43;0;45;0
47,77346;2020-04-27 13:31:55;0;50;100;49451;20599;39149;11082;23253;13765;6515;9360;76;43;0;45;0
48,27633;2020-04-27 13:31:55;0;50;100;49451;20599;39149;11082;23253;13765;6515;9360;73;43;0;46;0
48,77913;2020-04-27 13:31:55;0;61;100;9848;11886;8843;13338;5114;6922;2284;2499;69;43;0;46;0
49,28199;2020-04-27 13:31:55;0;61;100;9848;11886;8843;13338;5114;6922;2284;2499;56;43;0;46;0
49,78483;2020-04-27 13:31:55;0;84;100;14219;4648;1777;9319;1192;4772;3090;1219;-114;43;0;46;0
50,2877;2020-04-27 13:31:55;0;84;100;14219;4648;1777;9319;1192;4772;3090;1219;59;43;0;47;0
50,79057;2020-04-27 13:31:55;0;77;100;205790;19453;4224;4070;6660;2169;2710;1276;98;43;0;47;0
51,29346;2020-04-27 13:31:55;0;77;100;205790;19453;4224;4070;6660;2169;2710;1276;25;43;0;47;0
51,79629;2020-04-27 13:31:55;0;54;93;49842;20625;3115;8047;2546;987;1054;647;291;43;0;47;0
52,29914;2020-04-27 13:31:55;0;54;93;49842;20625;3115;8047;2546;987;1054;647;24;43;0;47;0
52,80205;2020-04-27 13:31:55;0;38;78;211410;55831;13293;5625;1986;3702;1096;718;-13;43;0;47;0
53,30486;2020-04-27 13:31:55;0;38;78;211410;55831;13293;5625;1986;3702;1096;718;-66;43;0;47;0
53,80777;2020-04-27 13:31:55;0;23;69;647998;139989;95576;11601;25867;22731;11111;4845;77;43;0;47;0
54,31063;2020-04-27 13:31:55;0;23;69;647998;139989;95576;11601;25867;22731;11111;4845;103;43;0;47;0
54,81354;2020-04-27 13:31:55;0;23;69;647998;139989;95576;11601;25867;22731;11111;4845;105;43;0;46;0
55,31634;2020-04-27 13:31:55;0;23;69;647998;139989;95576;11601;25867;22731;11111;4845;53;43;0;46;0
55,81916;2020-04-27 13:31:55;0;21;35;65787;22241;134;1372;678;772;207;53;41;43;0;46;0
56,32207;2020-04-27 13:31:55;0;21;35;65787;22241;134;1372;678;772;207;53;-57;43;0;46;0
56,82493;2020-04-27 13:31:55;0;21;35;65787;22241;134;1372;678;772;207;53;77;43;0;46;0
57,32782;2020-04-27 13:31:55;0;21;35;65787;22241;134;1372;678;772;207;53;76;43;0;45;0
57,83065;2020-04-27 13:31:55;0;38;48;113352;60485;9223;17453;9816;6039;5632;2156;146;43;0;45;0
58,33361;2020-04-27 13:31:55;0;38;48;113352;60485;9223;17453;9816;6039;5632;2156;-163;43;0;45;0
58,83638;2020-04-27 13:31:55;0;29;53;86817;52413;12084;3310;5547;2181;1800;667;107;43;0;45;0
59,33923;2020-04-27 13:31:55;0;29;53;86817;52413;12084;3310;5547;2181;1800;667;48;43;0;45;0
59,84213;2020-04-27 13:31:55;0;29;53;86817;52413;12084;3310;5547;2181;1800;667;32;43;0;45;0
60,34502;2020-04-27 13:31:55;0;29;53;86817;52413;12084;3310;5547;2181;1800;667;-76;43;0;45;0
60,84785;2020-04-27 13:31:55;0;29;53;86817;52413;12084;3310;5547;2181;1800;667;52;43;0;44;0
61,35075;2020-04-27 13:31:55;0;29;53;86817;52413;12084;3310;5547;2181;1800;667;74;43;0;44;0
61,85361;2020-04-27 13:31:55;0;23;1;53005;61844;472;3608;5712;4273;885;493;52;43;0;44;0
62,35648;2020-04-27 13:31:55;0;40;1;14482;34377;6730;3077;3912;5241;2506;2766;93;43;0;44;0
62,85933;2020-04-27 13:31:55;0;40;1;14482;34377;6730;3077;3912;5241;2506;2766;52;43;0;44;0
63,36218;2020-04-27 13:31:55;0;20;1;197631;60338;4211;3085;3129;1434;1226;382;37;43;0;44;0
63,86511;2020-04-27 13:31:55;0;20;1;197631;60338;4211;3085;3129;1434;1226;382;-9;43;0;44;0
64,36789;2020-04-27 13:31:55;0;29;17;1071163;63312;29092;3677;22218;11074;2348;3096;73;43;0;44;0
64,87074;2020-04-27 13:31:55;0;29;17;1071163;63312;29092;3677;22218;11074;2348;3096;343;43;0;43;0
65,3737;2020-04-27 13:31:55;0;30;51;98707;15545;12408;1640;4025;2053;1611;548;257;43;0;43;0
65,87654;2020-04-27 13:31:55;0;30;51;98707;15545;12408;1640;4025;2053;1611;548;32;43;0;43;0
66,37937;2020-04-27 13:31:55;0;21;34;77116;10837;496;219;314;562;204;189;74;43;0;43;0
66,88228;2020-04-27 13:31:55;0;21;34;77116;10837;496;219;314;562;204;189;38;43;0;43;0
67,38515;2020-04-27 13:31:55;0;47;60;143404;5852;3272;4783;1799;2390;649;842;43;43;0;43;0
67,88801;2020-04-27 13:31:55;0;47;60;143404;5852;3272;4783;1799;2390;649;842;41;43;0;43;0
68,39089;2020-04-27 13:31:55;0;47;60;143404;5852;3272;4783;1799;2390;649;842;19;43;0;43;0
68,89375;2020-04-27 13:31:55;0;47;60;143404;5852;3272;4783;1799;2390;649;842;-2;32;0;43;0
69,39658;2020-04-27 13:31:55;0;29;54;45668;33620;11785;6816;6205;3952;1217;740;56;32;0;43;0
69,89947;2020-04-27 13:31:55;0;29;54;45668;33620;11785;6816;6205;3952;1217;740;2;32;0;43;0
70,40234;2020-04-27 13:31:55;0;26;83;56668;30747;12502;5003;910;1791;833;197;11;32;0;43;0
70,90523;2020-04-27 13:31:55;0;26;83;56668;30747;12502;5003;910;1791;833;197;-20;32;0;43;0
71,40797;2020-04-27 13:31:55;0;10;81;64290;14306;13175;1240;3315;1190;547;299;23;32;0;42;0
71,91097;2020-04-27 13:31:55;0;10;81;64290;14306;13175;1240;3315;1190;547;299;131;32;0;42;0
72,41375;2020-04-27 13:31:55;0;8;84;1020510;283502;79996;61591;13858;9895;3989;7476;55;32;0;42;0
72,91666;2020-04-27 13:31:55;0;8;84;1020510;283502;79996;61591;13858;9895;3989;7476;70;32;0;42;0
73,41949;2020-04-27 13:31:55;0;10;88;68386;23305;14631;6885;4580;3971;697;299;-36;32;0;41;0
73,92243;2020-04-27 13:31:55;0;10;88;68386;23305;14631;6885;4580;3971;697;299;67;32;0;41;0
74,42525;2020-04-27 13:31:55;0;7;90;193745;219680;99170;36103;19363;8790;4200;3415;-88;32;0;41;0
74,92805;2020-04-27 13:31:55;0;7;90;193745;219680;99170;36103;19363;8790;4200;3415;80;32;0;41;0
75,43103;2020-04-27 13:31:55;0;1;74;973917;33957;5122;3855;3743;1225;323;302;125;32;0;40;0
75,93385;2020-04-27 13:31:55;0;1;74;973917;33957;5122;3855;3743;1225;323;302;51;32;0;40;0
76,43671;2020-04-27 13:31:55;0;26;83;65954;4409;7323;1158;2531;2348;525;740;38;32;0;40;0
76,93954;2020-04-27 13:31:55;0;26;83;65954;4409;7323;1158;2531;2348;525;740;144;32;0;40;0
77,44241;2020-04-27 13:31:55;0;23;63;40249;23957;296;4016;3653;2038;829;360;97;32;0;40;0
77,94533;2020-04-27 13:31:55;0;23;63;40249;23957;296;4016;3653;2038;829;360;85;32;0;40;0
78,4481;2020-04-27 13:31:55;0;26;34;131439;50400;1624;1597;3614;1802;1087;495;37;32;0;40;0
78,95107;2020-04-27 13:31:55;0;26;34;131439;50400;1624;1597;3614;1802;1087;495;93;32;0;40;0
79,45413;2020-04-27 13:31:55;0;44;24;30690;38728;717;5658;8542;5931;2880;2979;-49;32;0;40;0
79,9568;2020-04-27 13:31:55;0;44;24;30690;38728;717;5658;8542;5931;2880;2979;25;32;0;40;0
80,45973;2020-04-27 13:31:55;0;48;24;85461;3013;5570;1903;2439;3039;1319;771;40;32;0;40;0
80,96259;2020-04-27 13:31:55;0;48;24;85461;3013;5570;1903;2439;3039;1319;771;101;32;0;40;0
81,46542;2020-04-27 13:31:55;0;34;41;84640;69790;30648;2185;1711;2045;1079;482;60;32;0;40;0
81,96819;2020-04-27 13:31:55;0;34;41;84640;69790;30648;2185;1711;2045;1079;482;76;32;0;40;0
82,47112;2020-04-27 13:31:55;0;34;41;84640;69790;30648;2185;1711;2045;1079;482;-82;32;0;40;0
82,97405;2020-04-27 13:31:55;0;34;41;84640;69790;30648;2185;1711;2045;1079;482;6;32;0;40;0
83,47686;2020-04-27 13:31:55;0;35;54;79880;70852;3106;2579;3689;7006;906;504;140;32;0;40;0
83,97966;2020-04-27 13:31:55;0;35;54;79880;70852;3106;2579;3689;7006;906;504;139;32;0;40;0
84,48266;2020-04-27 13:31:55;0;11;35;173895;99740;15239;11384;19790;5653;2628;1741;98;32;0;39;0
84,9855;2020-04-27 13:31:55;0;11;35;173895;99740;15239;11384;19790;5653;2628;1741;76;32;0;39;0
85,48836;2020-04-27 13:31:55;0;23;35;56260;21289;8298;2317;1300;1566;535;419;33;32;0;39;0
85,99126;2020-04-27 13:31:55;0;23;35;56260;21289;8298;2317;1300;1566;535;419;72;32;0;39;0
86,49416;2020-04-27 13:31:55;0;21;29;37821;18723;1600;2815;2301;1095;990;497;-75;32;0;39;0
86,99712;2020-04-27 13:31:55;0;21;29;37821;18723;1600;2815;2301;1095;990;497;-90;32;0;39;0
87,49996;2020-04-27 13:31:55;0;14;56;62885;17874;12057;2128;5568;1598;508;241;188;32;0;39;0
88,00273;2020-04-27 13:31:55;0;14;56;62885;17874;12057;2128;5568;1598;508;241;53;32;0;38;0
88,50557;2020-04-27 13:31:55;0;14;44;282777;17679;490;1206;3049;877;1433;432;54;32;0;38;0
89,00839;2020-04-27 13:31:55;0;14;44;282777;17679;490;1206;3049;877;1433;432;133;32;0;38;0
89,51127;2020-04-27 13:31:55;0;16;47;642311;79774;39524;6853;10008;7184;9120;3981;72;32;0;38;0
90,01416;2020-04-27 13:31:55;0;16;47;642311;79774;39524;6853;10008;7184;9120;3981;68;32;0;38;0
90,51711;2020-04-27 13:31:55;0;16;47;642311;79774;39524;6853;10008;7184;9120;3981;104;32;0;38;0
91,01988;2020-04-27 13:31:55;0;16;47;642311;79774;39524;6853;10008;7184;9120;3981;57;32;0;38;0
91,52289;2020-04-27 13:31:55;0;54;54;189042;63831;20213;3930;5407;11867;1558;1624;72;32;0;38;0
92,02578;2020-04-27 13:31:55;0;54;54;189042;63831;20213;3930;5407;11867;1558;1624;72;32;0;38;0
92,52849;2020-04-27 13:31:55;0;57;75;49285;22796;4286;5053;1900;1872;509;579;36;32;0;38;0
93,0314;2020-04-27 13:31:55;0;57;75;49285;22796;4286;5053;1900;1872;509;579;2;32;0;38;0
93,53425;2020-04-27 13:31:55;0;66;74;41133;25086;4839;11407;6024;5033;2036;1742;135;32;0;38;0
94,03716;2020-04-27 13:31:55;0;66;74;41133;25086;4839;11407;6024;5033;2036;1742;19;32;0;38;0
94,53995;2020-04-27 13:31:55;0;57;66;42834;17858;3577;6798;4794;5490;1745;2989;-66;32;0;38;0
95,04282;2020-04-27 13:31:55;0;57;66;42834;17858;3577;6798;4794;5490;1745;2989;35;32;0;39;0
95,54584;2020-04-27 13:31:55;0;44;77;67435;19808;8886;7464;3320;1785;2280;603;298;32;0;39;0
96,04853;2020-04-27 13:31:55;0;44;77;67435;19808;8886;7464;3320;1785;2280;603;56;32;0;39;0
96,55142;2020-04-27 13:31:55;0;51;74;177913;43007;6978;9195;4149;6370;853;1131;72;32;0;39;0
97,05435;2020-04-27 13:31:55;0;51;74;177913;43007;6978;9195;4149;6370;853;1131;-106;32;0;39;0
97,55724;2020-04-27 13:31:55;0;41;87;87018;15083;21715;4488;2567;2020;672;726;54;32;0;39;0
98,06001;2020-04-27 13:31:55;0;41;87;87018;15083;21715;4488;2567;2020;672;726;-125;32;0;39;0
98,56295;2020-04-27 13:31:55;0;40;91;56393;14995;5422;6383;1197;4501;1980;459;77;32;0;39;0
99,06571;2020-04-27 13:31:55;0;40;91;56393;14995;5422;6383;1197;4501;1980;459;113;32;0;39;0
99,56863;2020-04-27 13:31:55;0;56;75;222750;40345;6995;3920;9127;9425;7275;3705;32;32;0;39;0
100,0715;2020-04-27 13:31:55;0;56;75;222750;40345;6995;3920;9127;9425;7275;3705;169;32;0;39;0
100,5744;2020-04-27 13:31:55;0;56;75;222750;40345;6995;3920;9127;9425;7275;3705;-106;32;0;39;0
101,0772;2020-04-27 13:31:55;0;56;75;222750;40345;6995;3920;9127;9425;7275;3705;76;32;0;39;0
101,58;2020-04-27 13:31:55;0;70;48;70622;7813;2642;4471;1459;2754;1547;1074;64;32;0;39;0
102,0829;2020-04-27 13:31:55;0;70;48;70622;7813;2642;4471;1459;2754;1547;1074;-118;32;0;39;0
102,5857;2020-04-27 13:31:55;0;77;51;36983;8691;9483;1025;847;5074;880;916;44;32;0;40;0
103,0888;2020-04-27 13:31:55;0;77;51;36983;8691;9483;1025;847;5074;880;916;75;32;0;40;0
103,5916;2020-04-27 13:31:55;0;67;66;36666;10916;7179;1517;1497;1968;755;888;24;32;0;40;0
104,0944;2020-04-27 13:31:55;0;67;66;36666;10916;7179;1517;1497;1968;755;888;39;32;0;40;0
104,5973;2020-04-27 13:31:55;0;75;93;4038;8113;6486;1398;2985;3034;1992;1876;66;32;0;40;0
105,1002;2020-04-27 13:31:55;0;75;93;4038;8113;6486;1398;2985;3034;1992;1876;123;32;0;40;0
105,6031;2020-04-27 13:31:55;0;84;83;306711;4083;572;1420;1146;2109;578;384;4;32;0;41;0
106,1059;2020-04-27 13:31:55;0;84;83;306711;4083;572;1420;1146;2109;578;384;49;32;0;41;0
106,6087;2020-04-27 13:31:55;0;87;70;56375;3846;1491;882;2237;1777;780;684;54;32;0;41;0
107,1116;2020-04-27 13:31:55;0;84;75;11009;33954;16875;18252;3904;6985;2377;2359;-56;32;0;41;0
107,6144;2020-04-27 13:31:55;0;84;75;11009;33954;16875;18252;3904;6985;2377;2359;43;32;0;41;0
108,1172;2020-04-27 13:31:55;0;84;75;11009;33954;16875;18252;3904;6985;2377;2359;99;32;0;42;0
108,6201;2020-04-27 13:31:55;0;84;75;11009;33954;16875;18252;3904;6985;2377;2359;56;32;0;42;0
109,1231;2020-04-27 13:31:55;0;50;41;61121;22583;2052;1455;531;709;552;282;12;32;0;42;0
109,6259;2020-04-27 13:31:55;0;50;41;61121;22583;2052;1455;531;709;552;282;-66;32;0;42;0
110,1288;2020-04-27 13:31:55;0;40;43;80691;5168;628;1884;1239;994;1083;318;99;32;0;42;0
110,6316;2020-04-27 13:31:55;0;40;43;80691;5168;628;1884;1239;994;1083;318;75;32;0;42;0
111,1345;2020-04-27 13:31:55;0;47;21;62803;11542;1449;1882;5075;2599;1321;302;96;32;0;42;0
111,6374;2020-04-27 13:31:55;0;47;21;62803;11542;1449;1882;5075;2599;1321;302;27;32;0;42;0
112,1402;2020-04-27 13:31:55;0;38;38;46740;27728;9052;1512;3019;2109;577;446;155;32;0;42;0
112,643;2020-04-27 13:31:55;0;38;38;46740;27728;9052;1512;3019;2109;577;446;90;32;0;42;0
113,146;2020-04-27 13:31:55;0;60;30;69314;13941;1090;631;2738;3027;637;476;136;32;0;42;0
113,6488;2020-04-27 13:31:55;0;60;30;69314;13941;1090;631;2738;3027;637;476;65;32;0;42;0
114,1517;2020-04-27 13:31:55;0;37;34;51208;84324;20880;12151;3624;2200;468;493;107;32;0;42;0
114,6544;2020-04-27 13:31:55;0;37;34;51208;84324;20880;12151;3624;2200;468;493;108;32;0;42;0
115,1574;2020-04-27 13:31:55;0;30;35;21743;7371;1720;447;2389;1004;336;95;168;32;0;42;0
115,6603;2020-04-27 13:31:55;0;30;35;21743;7371;1720;447;2389;1004;336;95;24;32;0;42;0
116,1632;2020-04-27 13:31:55;0;30;40;103561;25596;3665;9342;3655;2349;679;534;49;32;0;42;0
116,666;2020-04-27 13:31:55;0;30;40;103561;25596;3665;9342;3655;2349;679;534;52;32;0;42;0
117,1689;2020-04-27 13:31:55;0;16;44;193401;77895;7912;4861;8204;4341;1314;1800;41;32;0;42;0
117,6717;2020-04-27 13:31:55;0;16;44;193401;77895;7912;4861;8204;4341;1314;1800;109;32;0;41;0
118,1746;2020-04-27 13:31:55;0;30;50;74285;11666;4696;4855;4707;1506;597;1068;80;32;0;41;0
118,6773;2020-04-27 13:31:55;0;30;50;74285;11666;4696;4855;4707;1506;597;1068;19;32;0;41;0
119,1803;2020-04-27 13:31:55;0;21;51;41780;39292;8091;2165;3539;2272;1236;378;115;32;0;41;0
119,6832;2020-04-27 13:31:55;0;21;51;41780;39292;8091;2165;3539;2272;1236;378;107;32;0;41;0
120,186;2020-04-27 13:31:55;0;16;51;83914;34981;14549;1706;1872;2040;649;428;-5;32;0;41;0
120,6889;2020-04-27 13:31:55;0;16;51;83914;34981;14549;1706;1872;2040;649;428;-19;32;0;41;0
121,1917;2020-04-27 13:31:55;0;23;47;312662;76141;4138;4409;7216;6968;2502;665;-68;32;0;41;0
121,6946;2020-04-27 13:31:55;0;23;47;312662;76141;4138;4409;7216;6968;2502;665;74;32;0;41;0
122,1974;2020-04-27 13:31:55;0;14;48;102481;26238;13543;3684;1808;1502;890;597;58;32;0;41;0
122,7004;2020-04-27 13:31:55;0;14;48;102481;26238;13543;3684;1808;1502;890;597;-106;32;0;41;0
123,2033;2020-04-27 13:31:55;0;16;64;8004;36849;12904;18518;2000;3516;2692;1389;-76;32;0;41;0
